样例1
2
6
110 150 70 80 30 5
110 150 70 80 30 5
40 60 30 40 20 5
40 60 30 40 20 5
65 85 
1 1
1 2
样例2
2
3
100 200 50
120 150 80
3 2 1
2 3 2
4 3
1 1
1 2
 
样例3
3
10
10  20  30  40  50  60  70  80  90  100
20  40  60  80  100  120  140  160  180  200
30  60  90  120  150  180  210  240  270  300
1  2  3  4  5  6  7  8  9  10
2  4  6  8  10  12  14  16  18  20
3  6  9  12  15  18  21  24  27  30
6  44  81
1 1
1 2
1 3

样例4
3
10
10  20  30  40  50  60  70  80  90  100
20  40  60  80  100  120  140  160  180  200
30  60  90  120  150  180  210  240  270  300
1  2  3  4  5  6  7  8  9  10
2  4  6  8  10  12  14  16  18  20
3  6  9  12  15  18  21  24  27  30
15   80   81
1 1
1 2
2 3
